
CD4ForOptimisation=[1033, 	750, 	710, 	270, 	1033, 	522, 	312, 	52, 	23, 	340, 	160, 	366, 	874, 	124, 	580, 	1108, 	20, 	488, 	419, 	590, 	40, 	540, 	350, 	599, 	650, 	220, 	520, 	400, 	180, 	440, 	425, 	990, 	713, 	380, 	732, 	10, 	448, 	500, 	653, 	430, 	742, 	478, 	30, 	100, 	325, 	67, 	965, 	317, 	701, 	334, 	620, 	330, 	115, 	210, 	726, 	510, 	226, 	980, 	259, 	30, 	11, 	156, 	252, 	600, 	54, 	299, 	499, 	79, 	650, 	504, 	272, 	260, 	130, 	280, 	353, 	520, 	565, 	554, 	465, 	970, 	410, 	442, 	280, 	182, 	430, 	866, 	5, 	564, 	1794, 	390, 	320, 	564, 	756, 	205, 	30, 	310, 	551, 	620, 	280, 	286, 	304, 	700, 	1023, 	760, 	363, 	522, 	760, 	20, 	619, 	380, 	280, 	510, 	80, 	414, 	315, 	220, 	1010, 	990, 	252, 	320, 	650, 	489, 	1020, 	50, 	130, 	360, 	124, 	30, 	110, 	304, 	218, 	375, 	521, 	371, 	280, 	145, 	270, 	1077, 	11, 	618, 	1290, 	70, 	118, 	650, 	530, 	530, 	540, 	290, 	51, 	1600, 	640, 	100, 	300, 	260, 	652, 	480, 	260, 	340, 	1033, 	411, 	221, 	290, 	219, 	298, 	766, 	30, 	1203, 	1143, 	230, 	257, 	189, 	775, 	510, 	236, 	739, 	147, 	324, 	40, 	171, 	450, 	1222, 	690, 	384, 	890, 	123, 	913, 	100, 	200, 	290, 	880, 	20, 	609, 	168, 	80, 	385, 	1310, 	4, 	306, 	758, 	300, 	583, 	258, 	357, 	449, 	810, 	113, 	322, 	271, 	18, 	810, 	290, 	606, 	513, 	60, 	440, 	375, 	370, 	350, 	22, 	228, 	480, 	650, 	1150, 	111, 	634, 	390, 	820, 	370, 	334, 	458, 	399, 	760, 	184, 	260, 	651, 	40, 	520, 	697, 	1160, 	110, 	350, 	150, 	722, 	180, 	686, 	370, 	505, 	656, 	218, 	234, 	96, 	492, 	508, 	238, 	200, 	435, 	461, 	54, 	215, 	469, 	218, 	580, 	434, 	910, 	530, 	790, 	322, 	73, 	403, 	940, 	314, 	838, 	130, 	95, 	340, 	30, 	286, 	1163, 	588, 	946, 	814, 	391, 	759, 	252, 	771, 	146, 	190, 	112, 	297, 	387, 	893, 	506, 	43, 	560, 	434, 	648, 	604, 	690, 	592, 	30, 	336, 	1250, 	377, 	138, 	640, 	330, 	455, 	2, 	693, 	220, 	824, 	615, 	292, 	590, 	260, 	970, 	360, 	1330, 	1087, 	750, 	32, 	1515, 	436, 	100, 	650, 	80, 	20, 	490, 	126, 	180, 	360, 	560, 	60, 	372, 	139, 	4, 	1020, 	428, 	700, 	920, 	13, 	400, 	544, 	530, 	256, 	555, 	120, 	820, 	646, 	120, 	27, 	662, 	310, 	640, 	660, 	170, 	921, 	580, 	530, 	20, 	507, 	276, 	680, 	62, 	30, 	180, 	841, 	289, 	616, 	931, 	150, 	220, 	150, 	1171, 	410, 	960, 	250, 	234, 	396, 	396, 	1029, 	390, 	286, 	896, 	250, 	360, 	410, 	840, 	40, 	241, 	264, 	600, 	390, 	290, 	210, 	1590, 	400, 	218, 	419, 	150, 	310, 	130, 	110, 	696, 	840, 	170, 	161, 	312, 	30, 	400, 	270, 	240, 	180, 	28, 	2039, 	510, 	620, 	510, 	105, 	760, 	490, 	8, 	1003, 	280, 	91, 	136, 	390, 	330, 	210, 	20, 	20, 	231, 	750, 	243, 	1500, 	157, 	402, 	130, 	410, 	604, 	178, 	595, 	10, 	70, 	470, 	210, 	22, 	54, 	167, 	309, 	648, 	60, 	150, 	509, 	448, 	80, 	190, 	94, 	640, 	502, 	510, 	400, 	418, 	1221, 	383, 	970, 	530, 	148, 	10, 	18, 	190, 	280, 	384, 	380, 	445, 	396, 	240, 	220, 	170, 	478, 	292, 	590, 	949, 	905, 	180, 	70, 	779, 	4, 	210, 	605, 	210, 	416, 	310, 	319, 	370, 	27, 	800, 	100, 	70, 	268, 	340, 	662, 	670, 	225, 	1280, 	360, 	30, 	350, 	129, 	540, 	530, 	891, 	780, 	203, 	201, 	514, 	361, 	168, 	120, 	152, 	478, 	400, 	370, 	280, 	380, 	510, 	200, 	278, 	204, 	370, 	693, 	650, 	253, 	120, 	310, 	182, 	951, 	383, 	410, 	192, 	116, 	8, 	613, 	410, 	180, 	1622, 	357, 	310, 	310, 	670, 	520, 	60, 	144, 	748, 	330, 	504, 	110, 	217, 	660, 	16, 	4, 	157, 	430, 	705, 	17, 	8, 	133, 	550, 	413, 	756, 	1695, 	270, 	1128, 	144, 	1005, 	99, 	788, 	460, 	620, 	250, 	115, 	50, 	620, 	390, 	400, 	10, 	110, 	730, 	400, 	289, 	840, 	287, 	290, 	400, 	255, 	270, 	4, 	324, 	283, 	305, 	494, 	300, 	653, 	100, 	640, 	261, 	40, 	250, 	450, 	330, 	50, 	466, 	408, 	164, 	173, 	181, 	600, 	650, 	630, 	100, 	26, 	140, 	209, 	510, 	952, 	780, 	739, 	530, 	580, 	660, 	30, 	580, 	430, 	529, 	334, 	666, 	216, 	140, 	0, 	540, 	150, 	480, 	620, 	882, 	102, 	510, 	120, 	108, 	450, 	293, 	216, 	610, 	24, 	320, 	696, 	25, 	430, 	441, 	300, 	403, 	344, 	10, 	560, 	243, 	500, 	991, 	36, 	143, 	350, 	447, 	341, 	623, 	524, 	1010, 	396, 	515, 	914, 	1080, 	780, 	920, 	636, 	153, 	789, 	552, 	310, 	410, 	250, 	475, 	190, 	751, 	680, 	600, 	310, 	810, 	920, 	570, 	1340, 	640, 	710, 	406, 	1220, 	1010, 	510, 	936, 	825, 	1204, 	417, 	700, 	736, 	341, 	700, 	580, 	830, 	280, 	483, 	720, 	243, 	550, 	560, 	540, 	580, 	560, 	563, 	851, 	280, 	810, 	470, 	480, 	271, 	1260, 	450, 	500, 	260, 	600, 	500, 	640, 	886, 	805, 	312, 	519, 	765, 	870, 	1360, 	800, 	716, 	494, 	420, 	350, 	424, 	693, 	300, 	220, 	590, 	390, 	780, 	575, 	860, 	1039, 	692, 	399, 	620, 	433, 	580, 	670, 	630, 	580, 	522, 	437, 	140, 	470, 	840, 	100, 	520, 	480, 	581, 	672, 	610, 	656, 	572, 	381, 	306, 	203, 	256, 	259, 	440, 	482, 	817, 	290, 	700, 	459, 	783, 	620, 	480, 	505, 	621, 	840, 	509, 	840, 	486, 	530, 	440, 	567, 	539, 	318, 	607, 	630, 	214, 	810, 	482, 	710, 	581, 	180, 	440, 	12, 	272, 	347, 	330, 	230, 	1190, 	869, 	730, 	624, 	550, 	780, 	320, 	970, 	555, 	861, 	330, 	907, 	614, 	630, 	1296, 	530, 	880, 	520, 	766, 	910, 	440, 	455, 	486, 	826, 	560, 	650, 	625, 	320, 	411, 	941, 	378, 	2160, 	743, 	606, 	118, 	362, 	552, 	221, 	1333, 	560, 	410, 	400, 	1030, 	730, 	700, 	480, 	680, 	352, 	848, 	350, 	317, 	612, 	460, 	390, 	370, 	1433, 	740, 	568, 	270, 	553, 	1602, 	490, 	570, 	827, 	320, 	630, 	404, 	300, 	280, 	650, 	334, 	270, 	230, 	510, 	578, 	370, 	160, 	620, 	696, 	756, 	739, 	410, 	145, 	390, 	590, 	470, 	1009, 	740, 	950, 	490, 	800, 	369, 	847, 	595, 	594, 	292, 	530, 	476, 	417, 	230, 	290, 	950, 	456, 	670, 	121, 	450, 	1288, 	307, 	700, 	594, 	158, 	605, 	600, 	260, 	620, 	480, 	542, 	350, 	340, 	832, 	557, 	702, 	450, 	530, 	681, 	410, 	650, 	770, 	120, 	404, 	407, 	246, 	311, 	1450, 	980, 	680, 	570, 	920, 	640, 	647, 	680, 	733, 	770, 	832, 	1243, 	250, 	498, 	1160, 	480, 	810, 	764, 	256, 	980, 	190, 	522, 	450, 	769, 	542, 	830, 	342, 	600, 	539, 	683, 	330, 	220, 	510, 	397, 	288, 	212, 	460, 	101, 	510, 	441, 	950, 	200, 	474, 	1097, 	530, 	410, 	630, 	726, 	1105, 	210, 	630, 	936, 	660, 	437, 	665, 	982, 	498, 	360, 	588, 	471, 	490, 	200, 	476, 	740, 	240, 	798, 	600, 	360, 	559, 	535, 	250, 	377, 	360, 	900, 	600, 	780, 	755, 	482, 	930, 	680, 	400, 	440, 	234, 	120, 	130, 	350, 	380, 	904, 	300, 	578, 	224, 	473, 	950, 	540, 	560, 	304, 	237, 	430, 	394, 	747, 	470, 	494, 	673, 	620, 	754, 	503, 	450, 	200, 	558, 	489, 	734, 	1020, 	368]; 
